0.000000 0.243060 1
2.691060 3.091060 1
6.547060 7.379060 1
9.819060 17.915060 1
18.819060 20.659060 1
20.971060 21.347060 1
21.403060 23.283060 1
23.347060 23.459060 1
23.507060 25.107060 1
25.211060 30.171060 1
30.979060 39.075060 1
39.611060 40.235060 1
40.739060 41.099060 1
41.475060 42.051060 1
42.667060 44.371060 1
44.555060 44.771060 1
45.187060 45.499060 1
45.579060 46.011060 1
46.955060 47.851060 1
49.035060 49.979060 1
50.851060 52.315060 1
52.467060 55.747060 1
56.323060 57.811060 1
58.259060 59.715060 1
